id,file_number,field,old_value,new_value
198682,RES-2009-1879,general_registry,"Land  Registry","Lands Registry"
